_10000_5_4q_mnl
Start initializing BLP matrices from estimation for Coffee under capacity 10000 with 4 groups, with setting tag _10000_5_4q_mnl

The demand parameter imported is:  [0.755, -0.069]
Change M to 10 as we are not considering flexible consideration set

Constructing F_BLP_Coffee...

361 87 85 85
394 115 115 113
398 61 59 59
405 212 211 211
420 174 174 173
423 123 123 113
572 63 62 62
649 47 47 43
650 148 145 145
662 164 164 162
663 103 101 101
676 48 48 47
719 29 29 24
720 93 93 85
754 92 92 91
813 4 4 2
847 100 100 27
852 82 82 81
853 119 119 118
860 184 182 182
888 190 189 189
897 171 170 146
912 110 109 109
914 166 165 165
916 166 165 165
924 179 177 177
930 58 57 57
963 50 48 48
967 159 157 157
968 214 205 190
1046 91 90 90
1047 114 113 113
1049 124 121 121
1074 134 132 132
1087 255 253 253
1089 216 212 212
1098 180 179 179
1100 66 65 65
1104 2 2 0
1106 112 111 111
1108 217 214 214
1112 111 110 110
1119 207 201 201
1122 33 33 28
1143 154 153 153
1145 206 205 205
1162 164 159 159
1170 136 135 135
1958 11 11 10
2551 38 38 35
2688 25 25 23
3059 4 4 3
3110 23 22 22
3340 160 159 159
3376 182 181 181
3517 189 188 188
3603 275 272 272
3616 96 95 95
3660 97 96 96
3663 163 162 162
3673 208 206 206
3674 283 280 280
3675 111 110 110
3676 170 164 161
3677 166 162 162
3728 63 62 62
3729 103 102 102
3730 230 228 228
3745 12 12 10
3806 48 48 47
3824 207 204 204
3828 226 224 224
4481 101 100 100
4505 153 140 140
4506 74 71 71
4507 98 96 96
4826 172 171 171
4892 186 183 183
4912 13 13 12
5277 3 3 0
5288 158 157 157
5488 29 29 28
5512 30 30 28
5549 128 126 126
5557 251 250 250
5604 279 277 270
5624 103 103 95
5625 115 114 114
5626 80 80 77
5634 84 83 83
5639 150 145 145
5649 1 1 0
5654 126 125 125
5700 21 21 20
5743 6 6 0
5800 11 11 3
5906 69 69 68
6242 76 76 75
6269 191 190 190
6275 74 73 73
6277 22 21 21
6468 4 3 3
6477 6 5 5
6481 40 40 39
6576 132 132 130
6579 126 126 123
6622 116 115 115
6640 27 27 23
6649 3 3 2
6662 128 127 127
6670 272 270 270
6676 50 49 49
6826 112 112 32
6861 84 83 83
6862 71 69 69
6865 93 92 92
6910 34 34 31
6922 1 0 0
7077 20 19 19
7295 78 77 77
7391 135 132 132
7392 301 300 300
7395 124 123 123
7396 123 121 121
7397 260 250 239
7402 192 191 191
7411 120 118 118
7604 98 98 88
7606 173 173 169
7720 113 113 105
7723 181 179 179
7725 179 178 178
7730 156 156 151
7734 147 143 143
7737 193 190 190
7738 88 86 86
7739 189 187 183
7748 113 113 112
7752 130 130 125
7819 127 126 126
7821 295 291 291
7822 143 141 141
7824 186 184 184
7826 117 117 115
7955 44 43 43
7994 85 84 84
8056 159 159 158
Finished computing, time spent: 2475; Start exporting...

