_10000_5_4q_mnl_logdistabove1.0
Start initializing BLP matrices from estimation for Dollar under capacity 10000 with 4 groups, with setting tag _10000_5_4q_mnl_logdistabove1.0

Imported abd1.0
The demand parameter imported is:  [0.788, -0.084]
Change M to 10 as we are not considering flexible consideration set

Constructing F_BLP_current...

Finished computing, time spent: 13407; Start exporting...

Constructing F_BLP_Dollar...

361 87 85 85
394 115 115 113
398 61 59 59
405 213 212 212
420 174 174 173
423 123 123 113
572 63 62 62
649 47 47 43
650 148 145 145
662 165 165 163
663 106 104 104
676 48 48 47
719 29 29 24
720 93 93 85
754 92 92 91
813 4 4 2
847 100 100 27
852 82 82 81
853 119 119 118
860 185 183 183
888 191 190 190
897 174 173 148
912 112 111 111
914 168 167 167
916 167 166 166
924 179 177 177
930 58 57 57
963 50 48 48
967 160 158 158
968 218 209 192
1046 91 90 90
1047 115 114 114
1049 124 121 121
1074 136 134 134
1087 255 253 253
1089 221 217 217
1098 180 179 179
1100 66 65 65
1104 2 2 0
1106 112 111 111
1108 218 215 215
1112 112 111 111
1119 208 202 202
1122 33 33 28
1143 155 154 154
1145 206 205 205
1162 166 161 161
1170 137 136 136
1958 11 11 10
2551 38 38 35
2688 25 25 23
3059 4 4 3
3110 23 22 22
3340 161 160 160
3376 186 185 185
3517 189 188 188
3603 278 274 274
3616 96 95 95
3660 97 96 96
3663 163 162 162
3673 213 211 211
3674 288 285 285
3675 112 111 111
3676 171 165 161
3677 168 164 164
3728 63 62 62
3729 104 103 103
3730 234 231 231
3745 12 12 10
3806 48 48 47
3824 208 205 205
3828 226 224 224
4481 102 101 101
4505 153 140 140
4506 74 71 71
4507 99 97 97
4826 173 172 172
4892 186 183 183
4912 13 13 12
5277 3 3 0
5288 159 158 158
5488 29 29 28
5512 30 30 28
5549 128 126 126
5557 253 252 252
5604 284 281 274
5624 103 103 95
5625 115 114 114
5626 80 80 77
5634 84 83 83
5639 150 145 145
5649 1 1 0
5654 128 127 127
5700 21 21 20
5743 6 6 0
5800 11 11 3
5906 69 69 68
6242 76 76 75
6269 191 190 190
6275 74 73 73
6277 22 21 21
6468 4 3 3
6477 6 5 5
6481 40 40 39
6576 132 132 130
6579 126 126 123
6622 118 117 117
6640 27 27 23
6649 3 3 2
6662 128 127 127
6670 273 271 271
6676 50 49 49
6826 112 112 32
6861 84 83 83
6862 71 69 69
6865 93 92 92
6910 34 34 31
6922 1 0 0
7077 20 19 19
7295 78 77 77
7391 135 132 132
7392 302 301 301
7395 124 123 123
7396 123 121 121
7397 261 251 240
7402 192 191 191
7411 120 118 118
7604 98 98 88
7606 174 174 170
7720 114 114 106
7723 181 179 179
7725 181 180 180
7730 156 156 151
7734 147 143 143
7737 193 190 190
7738 88 86 86
7739 192 190 186
7748 113 113 112
7752 130 130 125
7819 128 126 126
7821 296 292 292
7822 143 141 141
7824 186 184 184
7826 117 117 115
7955 44 43 43
7994 85 84 84
8056 159 159 158
Finished computing, time spent: 2266; Start exporting...

